CRA_block_ablation_AE256,128,64_blocks7_run2
0.6338	0.6542	0.6376
0.6206	0.6474	0.6138
0.6021	0.6293	0.6095
0.6497	0.6697	0.6493
0.6039	0.6122	0.6057
0.6290	0.6157	0.6206
0.5663	0.5855	0.5798
0.6916	0.6514	0.6412
0.6152	0.6344	0.6106
0.6401	0.6504	0.6374
0.6252	0.6350	0.6205
0.0315	0.0237	0.0199
VAL result:
acc 0.6252±0.0315 wap 0.6427±0.0349 wf1 0.6233±0.0338 uar 0.6350±0.0237 f1 0.6205±0.0199

----------------------------------------
0.6278	0.6512	0.6229
0.6577	0.6867	0.6629
0.6739	0.6689	0.6715
0.6411	0.6819	0.6477
0.6255	0.6216	0.6169
0.6176	0.6236	0.6214
0.6866	0.6618	0.6504
0.5706	0.5894	0.5780
0.6706	0.6714	0.6649
0.6306	0.6346	0.6157
0.6402	0.6491	0.6352
0.0322	0.0295	0.0277
TEST result:
acc 0.6402±0.0322 wap 0.6493±0.0341 wf1 0.6394±0.0334 uar 0.6491±0.0295 f1 0.6352±0.0277
