CRA_block_ablation_AE256,128,64_blocks7_run1
0.6364	0.6630	0.6405
0.6228	0.6478	0.6160
0.5962	0.6480	0.5965
0.6292	0.6359	0.6312
0.6084	0.6105	0.6109
0.6172	0.5987	0.6035
0.5739	0.5970	0.5839
0.6941	0.6604	0.6562
0.6357	0.6496	0.6338
0.6636	0.6533	0.6590
0.6278	0.6364	0.6232
0.0320	0.0238	0.0239
VAL result:
acc 0.6278±0.0320 wap 0.6462±0.0347 wf1 0.6263±0.0350 uar 0.6364±0.0238 f1 0.6232±0.0239

----------------------------------------
0.6402	0.6646	0.6343
0.6655	0.6900	0.6689
0.6580	0.6827	0.6546
0.6633	0.6779	0.6611
0.6236	0.6225	0.6154
0.5999	0.6117	0.6013
0.6929	0.6506	0.6458
0.5709	0.5963	0.5810
0.6749	0.6771	0.6713
0.6147	0.6330	0.6079
0.6404	0.6506	0.6341
0.0358	0.0313	0.0297
TEST result:
acc 0.6404±0.0358 wap 0.6535±0.0370 wf1 0.6400±0.0373 uar 0.6506±0.0313 f1 0.6341±0.0297
