CRA_block_ablation_simple_AE_AE256,128,64_blocks1_run1
0.6490	0.6767	0.6522
0.6288	0.6481	0.6239
0.6494	0.6830	0.6513
0.6632	0.6700	0.6623
0.6158	0.6172	0.6177
0.6172	0.6179	0.6093
0.5736	0.5976	0.5814
0.6660	0.6555	0.6296
0.6295	0.6470	0.6264
0.6653	0.6784	0.6641
0.6358	0.6491	0.6318
0.0276	0.0281	0.0247
VAL result:
acc 0.6358±0.0276 wap 0.6495±0.0313 wf1 0.6358±0.0287 uar 0.6491±0.0281 f1 0.6318±0.0247

----------------------------------------
0.6244	0.6450	0.6179
0.6233	0.6444	0.6270
0.6486	0.6558	0.6471
0.6436	0.6654	0.6473
0.6280	0.6190	0.6223
0.5901	0.5988	0.5937
0.6638	0.6607	0.6279
0.5871	0.6106	0.5944
0.6556	0.6575	0.6524
0.5876	0.6154	0.5838
0.6252	0.6373	0.6214
0.0272	0.0228	0.0230
TEST result:
acc 0.6252±0.0272 wap 0.6420±0.0322 wf1 0.6256±0.0285 uar 0.6373±0.0228 f1 0.6214±0.0230
