CRA_block_ablation_simple_AE_AE256,128,64_blocks1_run2
0.6535	0.6781	0.6578
0.6417	0.6527	0.6363
0.6510	0.6851	0.6547
0.6618	0.6705	0.6602
0.6039	0.6087	0.6083
0.6299	0.6269	0.6291
0.6017	0.6046	0.6120
0.6771	0.6591	0.6454
0.6452	0.6468	0.6345
0.6540	0.6718	0.6544
0.6420	0.6504	0.6393
0.0228	0.0271	0.0177
VAL result:
acc 0.6420±0.0228 wap 0.6549±0.0274 wf1 0.6426±0.0232 uar 0.6504±0.0271 f1 0.6393±0.0177

----------------------------------------
0.6171	0.6401	0.6124
0.6529	0.6697	0.6546
0.6532	0.6628	0.6525
0.6165	0.6600	0.6201
0.6108	0.6075	0.6066
0.6108	0.6054	0.6137
0.6607	0.6174	0.6194
0.5487	0.5667	0.5614
0.6525	0.6481	0.6491
0.6196	0.6228	0.6080
0.6243	0.6301	0.6198
0.0316	0.0305	0.0264
TEST result:
acc 0.6243±0.0316 wap 0.6399±0.0332 wf1 0.6243±0.0336 uar 0.6301±0.0305 f1 0.6198±0.0264
