new_cra_seq_AE256,128,64_blocks5_run2
0.6329	0.6526	0.6351
0.6105	0.6248	0.5993
0.6193	0.6681	0.6267
0.6715	0.6837	0.6737
0.5840	0.5899	0.5854
0.5964	0.5825	0.5837
0.5659	0.5932	0.5763
0.6834	0.6530	0.6394
0.6646	0.6400	0.6408
0.6627	0.6682	0.6588
0.6291	0.6356	0.6219
0.0383	0.0345	0.0321
VAL result:
acc 0.6291±0.0383 wap 0.6420±0.0378 wf1 0.6266±0.0405 uar 0.6356±0.0345 f1 0.6219±0.0321

----------------------------------------
0.6234	0.6363	0.6178
0.6326	0.6685	0.6357
0.6698	0.6723	0.6631
0.6169	0.6752	0.6239
0.5868	0.5970	0.5797
0.6041	0.6087	0.6078
0.6875	0.6633	0.6488
0.5755	0.5935	0.5824
0.6506	0.6628	0.6506
0.6395	0.6466	0.6290
0.6287	0.6424	0.6239
0.0333	0.0302	0.0265
TEST result:
acc 0.6287±0.0333 wap 0.6452±0.0386 wf1 0.6278±0.0354 uar 0.6424±0.0302 f1 0.6239±0.0265
