new_cra_3ce_AE256,128,64_blocks5_run2
0.6251	0.6565	0.6287
0.6095	0.6377	0.5984
0.6390	0.6660	0.6400
0.6407	0.6579	0.6377
0.5941	0.5981	0.5954
0.6111	0.5965	0.5948
0.5762	0.5828	0.5862
0.6894	0.6511	0.6480
0.6303	0.6356	0.6224
0.6511	0.6420	0.6443
0.6266	0.6324	0.6196
0.0301	0.0278	0.0224
VAL result:
acc 0.6266±0.0301 wap 0.6400±0.0354 wf1 0.6257±0.0335 uar 0.6324±0.0278 f1 0.6196±0.0224

----------------------------------------
0.6402	0.6545	0.6353
0.6293	0.6784	0.6363
0.6590	0.6751	0.6614
0.6368	0.6922	0.6405
0.6252	0.6298	0.6239
0.5938	0.6138	0.5918
0.6758	0.6728	0.6454
0.5881	0.6035	0.5992
0.6689	0.6794	0.6683
0.6569	0.6565	0.6481
0.6374	0.6556	0.6350
0.0281	0.0287	0.0232
TEST result:
acc 0.6374±0.0281 wap 0.6554±0.0363 wf1 0.6363±0.0327 uar 0.6556±0.0287 f1 0.6350±0.0232
