new_cra_cycle2_AE256,128,64_blocks5_run2
0.6188	0.6568	0.6208
0.6234	0.6388	0.6166
0.6212	0.6511	0.6227
0.6677	0.6699	0.6709
0.5911	0.5948	0.5934
0.6121	0.6038	0.6053
0.5600	0.5794	0.5706
0.6411	0.6219	0.6061
0.6370	0.6405	0.6298
0.6362	0.6548	0.6343
0.6208	0.6312	0.6170
0.0279	0.0285	0.0253
VAL result:
acc 0.6208±0.0279 wap 0.6385±0.0362 wf1 0.6203±0.0298 uar 0.6312±0.0285 f1 0.6170±0.0253

----------------------------------------
0.6237	0.6470	0.6136
0.6427	0.6666	0.6444
0.6608	0.6573	0.6590
0.6519	0.6738	0.6544
0.6092	0.6111	0.6029
0.5986	0.6021	0.6012
0.6824	0.6530	0.6396
0.5567	0.5816	0.5630
0.6641	0.6628	0.6598
0.6137	0.6193	0.6034
0.6304	0.6374	0.6241
0.0355	0.0299	0.0305
TEST result:
acc 0.6304±0.0355 wap 0.6412±0.0364 wf1 0.6298±0.0368 uar 0.6374±0.0299 f1 0.6241±0.0305
