new_cra_no_cycle_AE256,128,64_blocks5_run2
0.6314	0.6635	0.6390
0.6184	0.6442	0.6106
0.6451	0.6847	0.6538
0.6351	0.6411	0.6356
0.5967	0.6036	0.5996
0.6181	0.6071	0.6133
0.5663	0.5754	0.5763
0.6695	0.6432	0.6351
0.6239	0.6389	0.6135
0.6466	0.6515	0.6439
0.6251	0.6353	0.6221
0.0271	0.0301	0.0224
VAL result:
acc 0.6251±0.0271 wap 0.6409±0.0350 wf1 0.6255±0.0292 uar 0.6353±0.0301 f1 0.6221±0.0224

----------------------------------------
0.6064	0.6355	0.6019
0.6388	0.6724	0.6462
0.6639	0.6744	0.6607
0.6424	0.6764	0.6491
0.6169	0.6144	0.6108
0.6036	0.6035	0.6082
0.6629	0.6414	0.6292
0.5845	0.5875	0.5943
0.6497	0.6630	0.6490
0.6462	0.6461	0.6341
0.6315	0.6414	0.6284
0.0257	0.0298	0.0220
TEST result:
acc 0.6315±0.0257 wap 0.6470±0.0299 wf1 0.6322±0.0272 uar 0.6414±0.0298 f1 0.6284±0.0220
