new_cra_cycle2_AE256,128,64_blocks5_run1
0.6161	0.6553	0.6206
0.5991	0.6350	0.5947
0.6313	0.6566	0.6322
0.6552	0.6556	0.6533
0.6097	0.6106	0.6127
0.6188	0.6133	0.6147
0.5759	0.5841	0.5864
0.6828	0.6586	0.6437
0.6116	0.6197	0.6036
0.6370	0.6462	0.6327
0.6237	0.6335	0.6195
0.0283	0.0242	0.0203
VAL result:
acc 0.6237±0.0283 wap 0.6414±0.0306 wf1 0.6237±0.0303 uar 0.6335±0.0242 f1 0.6195±0.0203

----------------------------------------
0.6155	0.6487	0.6076
0.6382	0.6747	0.6464
0.6594	0.6676	0.6580
0.6454	0.6729	0.6492
0.6153	0.6081	0.6088
0.6017	0.6003	0.6040
0.6739	0.6635	0.6450
0.5746	0.5903	0.5850
0.6729	0.6798	0.6711
0.6311	0.6321	0.6188
0.6328	0.6438	0.6294
0.0303	0.0320	0.0267
TEST result:
acc 0.6328±0.0303 wap 0.6489±0.0386 wf1 0.6326±0.0331 uar 0.6438±0.0320 f1 0.6294±0.0267
