new_cra_3ce_AE256,128,64_blocks3_run1
0.6388	0.6620	0.6419
0.6039	0.6342	0.5973
0.6205	0.6722	0.6315
0.6525	0.6631	0.6502
0.5999	0.5995	0.6012
0.6102	0.6036	0.6055
0.5497	0.5808	0.5589
0.6610	0.6429	0.6236
0.6354	0.6369	0.6202
0.6359	0.6535	0.6337
0.6208	0.6349	0.6164
0.0305	0.0291	0.0253
VAL result:
acc 0.6208±0.0305 wap 0.6340±0.0342 wf1 0.6188±0.0332 uar 0.6349±0.0291 f1 0.6164±0.0253

----------------------------------------
0.6354	0.6515	0.6276
0.6538	0.6793	0.6628
0.6584	0.6667	0.6562
0.6593	0.7012	0.6687
0.6328	0.6279	0.6289
0.6060	0.6146	0.6098
0.6736	0.6559	0.6276
0.5785	0.6109	0.5894
0.6432	0.6699	0.6438
0.6582	0.6605	0.6467
0.6399	0.6539	0.6362
0.0272	0.0273	0.0233
TEST result:
acc 0.6399±0.0272 wap 0.6521±0.0296 wf1 0.6381±0.0283 uar 0.6539±0.0273 f1 0.6362±0.0233
