new_cra_AE256,128,64_blocks5_run2
0.6457	0.6723	0.6484
0.6241	0.6432	0.6190
0.6227	0.6731	0.6302
0.6452	0.6635	0.6479
0.6089	0.6120	0.6117
0.6290	0.6181	0.6222
0.5716	0.5885	0.5790
0.6746	0.6448	0.6362
0.6546	0.6518	0.6412
0.6489	0.6587	0.6478
0.6325	0.6426	0.6284
0.0270	0.0266	0.0206
VAL result:
acc 0.6325±0.0270 wap 0.6486±0.0300 wf1 0.6322±0.0297 uar 0.6426±0.0266 f1 0.6284±0.0206

----------------------------------------
0.6367	0.6575	0.6325
0.6604	0.6835	0.6627
0.6809	0.6920	0.6761
0.6288	0.6837	0.6339
0.6216	0.6178	0.6189
0.6118	0.6215	0.6147
0.6591	0.6676	0.6297
0.5835	0.6017	0.5953
0.6650	0.6764	0.6644
0.6613	0.6423	0.6430
0.6409	0.6544	0.6371
0.0282	0.0302	0.0237
TEST result:
acc 0.6409±0.0282 wap 0.6545±0.0351 wf1 0.6411±0.0296 uar 0.6544±0.0302 f1 0.6371±0.0237
