new_cra_AE256,128,64_blocks5_run1
0.6323	0.6623	0.6353
0.6209	0.6485	0.6143
0.6365	0.6592	0.6336
0.6653	0.6754	0.6651
0.6108	0.6188	0.6132
0.6258	0.6137	0.6143
0.5679	0.6081	0.5780
0.6720	0.6509	0.6339
0.6313	0.6422	0.6206
0.6568	0.6550	0.6549
0.6320	0.6434	0.6263
0.0284	0.0214	0.0231
VAL result:
acc 0.6320±0.0284 wap 0.6454±0.0322 wf1 0.6295±0.0318 uar 0.6434±0.0214 f1 0.6263±0.0231

----------------------------------------
0.6332	0.6583	0.6271
0.6529	0.6826	0.6601
0.6736	0.6756	0.6736
0.6424	0.6850	0.6476
0.6319	0.6269	0.6231
0.6105	0.6189	0.6151
0.6976	0.6566	0.6494
0.5693	0.6002	0.5812
0.6579	0.6729	0.6567
0.6475	0.6470	0.6406
0.6417	0.6524	0.6375
0.0331	0.0274	0.0254
TEST result:
acc 0.6417±0.0331 wap 0.6544±0.0350 wf1 0.6401±0.0344 uar 0.6524±0.0274 f1 0.6375±0.0254
