new_cra_seq_AE256,128,64_blocks5_run3
0.6173	0.6527	0.6234
0.6010	0.6296	0.5934
0.6202	0.6643	0.6261
0.6653	0.6774	0.6658
0.5872	0.5806	0.5875
0.6149	0.6056	0.6079
0.5646	0.5735	0.5666
0.6578	0.6337	0.6166
0.6226	0.5991	0.5918
0.6579	0.6593	0.6545
0.6209	0.6276	0.6134
0.0308	0.0345	0.0291
VAL result:
acc 0.6209±0.0308 wap 0.6332±0.0312 wf1 0.6198±0.0326 uar 0.6276±0.0345 f1 0.6134±0.0291

----------------------------------------
0.6057	0.6384	0.6007
0.6370	0.6695	0.6415
0.6611	0.6712	0.6606
0.6464	0.6861	0.6475
0.6117	0.6073	0.6094
0.6179	0.6248	0.6200
0.6714	0.6719	0.6428
0.5524	0.5907	0.5645
0.6350	0.6662	0.6373
0.6290	0.6505	0.6227
0.6268	0.6477	0.6247
0.0317	0.0299	0.0265
TEST result:
acc 0.6268±0.0317 wap 0.6480±0.0392 wf1 0.6262±0.0355 uar 0.6477±0.0299 f1 0.6247±0.0265
