new_cra_3ce_AE256,128,64_blocks5_run1
0.6388	0.6696	0.6434
0.6259	0.6373	0.6225
0.6267	0.6694	0.6292
0.6452	0.6547	0.6382
0.5861	0.5926	0.5884
0.6015	0.5871	0.5886
0.5616	0.5961	0.5726
0.6812	0.6408	0.6302
0.6477	0.6420	0.6404
0.6593	0.6840	0.6601
0.6274	0.6374	0.6214
0.0339	0.0329	0.0270
VAL result:
acc 0.6274±0.0339 wap 0.6396±0.0399 wf1 0.6258±0.0367 uar 0.6374±0.0329 f1 0.6214±0.0270

----------------------------------------
0.6364	0.6549	0.6287
0.6744	0.6847	0.6792
0.6687	0.6817	0.6665
0.6473	0.6851	0.6503
0.6165	0.6197	0.6111
0.5949	0.6131	0.5961
0.6809	0.6566	0.6380
0.5782	0.6101	0.5881
0.6686	0.6766	0.6698
0.6352	0.6488	0.6272
0.6401	0.6531	0.6355
0.0332	0.0283	0.0296
TEST result:
acc 0.6401±0.0332 wap 0.6522±0.0352 wf1 0.6383±0.0351 uar 0.6531±0.0283 f1 0.6355±0.0296
