new_cra_no_cycle_AE256,128,64_blocks5_run4
0.6511	0.6668	0.6585
0.6155	0.6430	0.6021
0.6147	0.6597	0.6158
0.6358	0.6457	0.6361
0.5835	0.5967	0.5852
0.6197	0.5973	0.6098
0.5822	0.5896	0.5905
0.6843	0.6364	0.6328
0.6334	0.6483	0.6249
0.6534	0.6673	0.6533
0.6274	0.6351	0.6209
0.0299	0.0282	0.0236
VAL result:
acc 0.6274±0.0299 wap 0.6441±0.0325 wf1 0.6242±0.0327 uar 0.6351±0.0282 f1 0.6209±0.0236

----------------------------------------
0.6354	0.6605	0.6316
0.6355	0.6842	0.6399
0.6760	0.6790	0.6731
0.6491	0.6809	0.6519
0.6210	0.6209	0.6125
0.6057	0.6090	0.6088
0.6954	0.6706	0.6587
0.5719	0.6028	0.5822
0.6585	0.6756	0.6573
0.6434	0.6437	0.6316
0.6392	0.6527	0.6348
0.0332	0.0298	0.0261
TEST result:
acc 0.6392±0.0332 wap 0.6554±0.0353 wf1 0.6381±0.0368 uar 0.6527±0.0298 f1 0.6348±0.0261
