new_cra_3ce_AE256,128,64_blocks3_run2
0.6206	0.6649	0.6238
0.6345	0.6599	0.6300
0.6258	0.6686	0.6331
0.6376	0.6571	0.6266
0.6113	0.6170	0.6136
0.6312	0.6196	0.6198
0.5663	0.5819	0.5782
0.6613	0.6287	0.6237
0.6436	0.6486	0.6340
0.6520	0.6707	0.6503
0.6284	0.6417	0.6233
0.0249	0.0275	0.0177
VAL result:
acc 0.6284±0.0249 wap 0.6441±0.0332 wf1 0.6266±0.0276 uar 0.6417±0.0275 f1 0.6233±0.0177

----------------------------------------
0.6237	0.6528	0.6154
0.6607	0.6813	0.6684
0.6694	0.6799	0.6670
0.6248	0.6861	0.6298
0.6421	0.6384	0.6392
0.5988	0.6160	0.5984
0.6929	0.6578	0.6527
0.5815	0.5984	0.5947
0.6678	0.6785	0.6658
0.6551	0.6588	0.6409
0.6417	0.6548	0.6372
0.0327	0.0280	0.0260
TEST result:
acc 0.6417±0.0327 wap 0.6545±0.0339 wf1 0.6394±0.0362 uar 0.6548±0.0280 f1 0.6372±0.0260
