new_cra_no_cycle_AE256,128,64_blocks5_run3
0.6311	0.6713	0.6347
0.6259	0.6491	0.6240
0.6288	0.6699	0.6331
0.6504	0.6702	0.6517
0.6007	0.6011	0.6045
0.6191	0.6071	0.6110
0.5865	0.6060	0.5939
0.7001	0.6490	0.6447
0.6382	0.6341	0.6270
0.6723	0.6811	0.6711
0.6353	0.6439	0.6296
0.0313	0.0288	0.0218
VAL result:
acc 0.6353±0.0313 wap 0.6492±0.0324 wf1 0.6345±0.0316 uar 0.6439±0.0288 f1 0.6296±0.0218

----------------------------------------
0.6383	0.6603	0.6277
0.6604	0.6845	0.6672
0.6552	0.6736	0.6586
0.6507	0.6817	0.6533
0.6146	0.6158	0.6118
0.6049	0.6095	0.6090
0.6941	0.6658	0.6522
0.5653	0.6043	0.5750
0.6695	0.6794	0.6692
0.6301	0.6433	0.6238
0.6383	0.6518	0.6348
0.0348	0.0298	0.0290
TEST result:
acc 0.6383±0.0348 wap 0.6515±0.0361 wf1 0.6376±0.0383 uar 0.6518±0.0298 f1 0.6348±0.0290
