new_cra_seq_AE256,128,64_blocks5_run1
0.5978	0.6424	0.6024
0.6001	0.6270	0.5973
0.6224	0.6527	0.6319
0.6504	0.6655	0.6540
0.5832	0.5786	0.5820
0.5993	0.5966	0.5919
0.5567	0.5782	0.5628
0.6824	0.6630	0.6494
0.6201	0.6143	0.6093
0.6568	0.6649	0.6520
0.6169	0.6283	0.6133
0.0357	0.0330	0.0303
VAL result:
acc 0.6169±0.0357 wap 0.6337±0.0447 wf1 0.6163±0.0391 uar 0.6283±0.0330 f1 0.6133±0.0303

----------------------------------------
0.6149	0.6392	0.6054
0.6352	0.6633	0.6402
0.6722	0.6808	0.6687
0.6285	0.6812	0.6326
0.5983	0.6034	0.5946
0.6047	0.6089	0.6071
0.6673	0.6517	0.6375
0.5769	0.5817	0.5769
0.6669	0.6753	0.6672
0.6280	0.6406	0.6226
0.6293	0.6426	0.6253
0.0304	0.0331	0.0284
TEST result:
acc 0.6293±0.0304 wap 0.6443±0.0365 wf1 0.6285±0.0332 uar 0.6426±0.0331 f1 0.6253±0.0284
