new_cra_no_cycle_AE256,128,64_blocks5_run1
0.6547	0.6657	0.6584
0.6196	0.6445	0.6106
0.6415	0.6698	0.6463
0.6448	0.6450	0.6406
0.6017	0.6013	0.6057
0.6006	0.5938	0.6003
0.5596	0.5761	0.5696
0.6578	0.6420	0.6262
0.6183	0.6350	0.6149
0.6486	0.6698	0.6468
0.6247	0.6343	0.6219
0.0294	0.0315	0.0256
VAL result:
acc 0.6247±0.0294 wap 0.6430±0.0312 wf1 0.6250±0.0292 uar 0.6343±0.0315 f1 0.6219±0.0256

----------------------------------------
0.6477	0.6581	0.6446
0.6376	0.6750	0.6434
0.6597	0.6704	0.6610
0.6439	0.6776	0.6470
0.6057	0.6120	0.6059
0.6002	0.5963	0.6020
0.6512	0.6390	0.6157
0.5808	0.6013	0.5876
0.6514	0.6616	0.6517
0.6262	0.6358	0.6113
0.6305	0.6427	0.6270
0.0250	0.0291	0.0240
TEST result:
acc 0.6305±0.0250 wap 0.6477±0.0319 wf1 0.6314±0.0267 uar 0.6427±0.0291 f1 0.6270±0.0240
