simple_map_cycle_L2A_run2
0.7074	0.7344	0.7156
0.6572	0.6649	0.6546
0.7196	0.7492	0.7176
0.7193	0.7358	0.7243
0.6677	0.6672	0.6658
0.6494	0.6631	0.6524
0.6243	0.6477	0.6268
0.6932	0.7101	0.6671
0.6912	0.7112	0.6862
0.6034	0.6084	0.5970
0.6733	0.6892	0.6707
0.0378	0.0433	0.0391
VAL result:
acc 0.6733±0.0378 wap 0.6973±0.0458 wf1 0.6755±0.0389 uar 0.6892±0.0433 f1 0.6707±0.0391

----------------------------------------
0.6193	0.6260	0.6123
0.7020	0.7243	0.7118
0.7089	0.7275	0.7076
0.7066	0.7281	0.7085
0.6437	0.6590	0.6471
0.6486	0.6458	0.6490
0.6534	0.6762	0.6241
0.6203	0.6406	0.6318
0.6441	0.6398	0.6397
0.6912	0.7034	0.6803
0.6638	0.6771	0.6612
0.0333	0.0383	0.0357
TEST result:
acc 0.6638±0.0333 wap 0.6856±0.0416 wf1 0.6662±0.0333 uar 0.6771±0.0383 f1 0.6612±0.0357
