simple_map_ce_latent_L2A_run1
0.7110	0.7376	0.7227
0.6610	0.6613	0.6552
0.7177	0.7492	0.7186
0.7214	0.7372	0.7264
0.6725	0.6719	0.6715
0.6475	0.6657	0.6509
0.6421	0.6562	0.6467
0.7064	0.7108	0.6727
0.6943	0.7142	0.6904
0.6186	0.6262	0.6155
0.6793	0.6930	0.6771
0.0342	0.0398	0.0351
VAL result:
acc 0.6793±0.0342 wap 0.6967±0.0427 wf1 0.6808±0.0352 uar 0.6930±0.0398 f1 0.6771±0.0351

----------------------------------------
0.6193	0.6283	0.6170
0.7020	0.7229	0.7100
0.7173	0.7275	0.7145
0.7085	0.7302	0.7115
0.6418	0.6545	0.6441
0.6502	0.6492	0.6507
0.6742	0.6743	0.6378
0.6064	0.6317	0.6154
0.6475	0.6483	0.6467
0.6774	0.6897	0.6647
0.6645	0.6757	0.6613
0.0358	0.0376	0.0360
TEST result:
acc 0.6645±0.0358 wap 0.6848±0.0398 wf1 0.6670±0.0369 uar 0.6757±0.0376 f1 0.6613±0.0360
