simple_map_cycle_L2V_run2
0.7092	0.7359	0.7180
0.6629	0.6628	0.6582
0.7140	0.7422	0.7175
0.7131	0.7302	0.7173
0.6709	0.6690	0.6696
0.6590	0.6698	0.6600
0.6243	0.6450	0.6275
0.6970	0.7127	0.6692
0.6928	0.7116	0.6880
0.6051	0.6098	0.5981
0.6748	0.6889	0.6723
0.0358	0.0418	0.0378
VAL result:
acc 0.6748±0.0358 wap 0.6952±0.0449 wf1 0.6772±0.0370 uar 0.6889±0.0418 f1 0.6723±0.0378

----------------------------------------
0.6288	0.6381	0.6232
0.7092	0.7271	0.7176
0.7235	0.7355	0.7257
0.7085	0.7317	0.7106
0.6475	0.6676	0.6517
0.6439	0.6446	0.6433
0.6705	0.6817	0.6374
0.6143	0.6358	0.6252
0.6492	0.6484	0.6469
0.6912	0.7009	0.6775
0.6686	0.6811	0.6659
0.0357	0.0381	0.0371
TEST result:
acc 0.6686±0.0357 wap 0.6873±0.0412 wf1 0.6706±0.0366 uar 0.6811±0.0381 f1 0.6659±0.0371
