simple_map_cycle_A2V_run2
0.5548	0.6121	0.5602
0.5795	0.6125	0.5720
0.5517	0.5930	0.5739
0.5842	0.5921	0.5856
0.5739	0.5798	0.5734
0.5824	0.5506	0.5547
0.5050	0.5382	0.5315
0.6098	0.5854	0.5776
0.5300	0.5934	0.5401
0.5712	0.5660	0.5633
0.5642	0.5823	0.5632
0.0285	0.0232	0.0162
VAL result:
acc 0.5642±0.0285 wap 0.5892±0.0216 wf1 0.5566±0.0276 uar 0.5823±0.0232 f1 0.5632±0.0162

----------------------------------------
0.5492	0.5931	0.5399
0.5422	0.5905	0.5511
0.5884	0.5984	0.5893
0.5314	0.5733	0.5495
0.5709	0.5410	0.5375
0.5278	0.5374	0.5329
0.6117	0.6017	0.5810
0.4950	0.5298	0.5240
0.5746	0.5915	0.5767
0.5069	0.5671	0.5184
0.5498	0.5724	0.5500
0.0348	0.0259	0.0233
TEST result:
acc 0.5498±0.0348 wap 0.5755±0.0202 wf1 0.5425±0.0328 uar 0.5724±0.0259 f1 0.5500±0.0233
