simple_map_cycle_V2A_run2
0.5548	0.5178	0.5111
0.6061	0.6090	0.5910
0.5240	0.5350	0.4866
0.4906	0.4632	0.4687
0.4897	0.4668	0.4311
0.5077	0.5197	0.5008
0.3996	0.3389	0.3352
0.5133	0.4579	0.4510
0.5622	0.4972	0.4838
0.6119	0.5887	0.5680
0.5260	0.4994	0.4827
0.0591	0.0720	0.0676
VAL result:
acc 0.5260±0.0591 wap 0.5541±0.0539 wf1 0.5115±0.0635 uar 0.4994±0.0720 f1 0.4827±0.0676

----------------------------------------
0.5947	0.5940	0.5785
0.5368	0.5351	0.5235
0.4865	0.4574	0.4574
0.5018	0.5000	0.4512
0.4502	0.4599	0.4465
0.4642	0.4594	0.4370
0.5530	0.4921	0.4913
0.3837	0.3402	0.3474
0.5864	0.5664	0.5497
0.5131	0.4268	0.4155
0.5070	0.4831	0.4698
0.0614	0.0690	0.0645
TEST result:
acc 0.5070±0.0614 wap 0.5398±0.0564 wf1 0.4972±0.0634 uar 0.4831±0.0690 f1 0.4698±0.0645
