simple_map_cycle_L2V_run1
0.7056	0.7306	0.7168
0.6515	0.6547	0.6436
0.7232	0.7470	0.7262
0.7089	0.7276	0.7141
0.6677	0.6669	0.6662
0.6571	0.6707	0.6617
0.6382	0.6554	0.6399
0.6989	0.7140	0.6693
0.6928	0.7107	0.6858
0.6102	0.6191	0.6030
0.6754	0.6897	0.6726
0.0343	0.0396	0.0369
VAL result:
acc 0.6754±0.0343 wap 0.6944±0.0418 wf1 0.6773±0.0355 uar 0.6897±0.0396 f1 0.6726±0.0369

----------------------------------------
0.6155	0.6257	0.6142
0.6894	0.7176	0.6965
0.7256	0.7360	0.7260
0.6956	0.7263	0.7005
0.6418	0.6537	0.6436
0.6439	0.6414	0.6444
0.6799	0.6950	0.6494
0.6064	0.6310	0.6162
0.6339	0.6415	0.6342
0.7020	0.7186	0.6912
0.6634	0.6787	0.6616
0.0382	0.0417	0.0369
TEST result:
acc 0.6634±0.0382 wap 0.6846±0.0463 wf1 0.6657±0.0391 uar 0.6787±0.0417 f1 0.6616±0.0369
