simple_map_cycle_A2V_run1
0.5530	0.6062	0.5597
0.5739	0.6066	0.5650
0.5387	0.5900	0.5632
0.5842	0.5914	0.5876
0.5676	0.5755	0.5684
0.5843	0.5549	0.5559
0.4950	0.5299	0.5214
0.6061	0.5846	0.5791
0.5269	0.5902	0.5361
0.5678	0.5706	0.5642
0.5597	0.5800	0.5601
0.0307	0.0224	0.0183
VAL result:
acc 0.5597±0.0307 wap 0.5852±0.0238 wf1 0.5518±0.0295 uar 0.5800±0.0224 f1 0.5601±0.0183

----------------------------------------
0.5530	0.5949	0.5439
0.5386	0.5882	0.5473
0.5863	0.5957	0.5840
0.5369	0.5773	0.5551
0.5632	0.5317	0.5301
0.5310	0.5438	0.5378
0.6061	0.5945	0.5724
0.5050	0.5314	0.5313
0.5780	0.5963	0.5802
0.5100	0.5611	0.5205
0.5508	0.5715	0.5503
0.0312	0.0258	0.0210
TEST result:
acc 0.5508±0.0312 wap 0.5721±0.0203 wf1 0.5438±0.0282 uar 0.5715±0.0258 f1 0.5503±0.0210
