simple_map_ce_latent_A2L_run2
0.5530	0.6112	0.5607
0.5720	0.6005	0.5651
0.5609	0.5906	0.5741
0.6154	0.6228	0.6215
0.5564	0.5683	0.5592
0.5881	0.5603	0.5696
0.5169	0.5387	0.5382
0.6117	0.5926	0.5857
0.5269	0.5781	0.5346
0.5712	0.5696	0.5650
0.5672	0.5833	0.5674
0.0305	0.0239	0.0232
VAL result:
acc 0.5672±0.0305 wap 0.5930±0.0231 wf1 0.5625±0.0316 uar 0.5833±0.0239 f1 0.5674±0.0232

----------------------------------------
0.5436	0.5901	0.5350
0.5458	0.5924	0.5554
0.5967	0.6054	0.5974
0.5314	0.5749	0.5524
0.5824	0.5536	0.5502
0.5199	0.5289	0.5272
0.6193	0.6145	0.5931
0.5070	0.5335	0.5330
0.5729	0.5911	0.5769
0.4808	0.5519	0.4898
0.5500	0.5736	0.5510
0.0406	0.0285	0.0308
TEST result:
acc 0.5500±0.0406 wap 0.5801±0.0222 wf1 0.5425±0.0423 uar 0.5736±0.0285 f1 0.5510±0.0308
