simple_map_ce_latent_V2L_run1
0.5494	0.5243	0.5212
0.5909	0.5945	0.5783
0.5240	0.5382	0.4848
0.4823	0.4400	0.4457
0.4674	0.4583	0.4341
0.5019	0.5127	0.4953
0.4056	0.3309	0.3162
0.5000	0.4577	0.4464
0.5622	0.4912	0.4725
0.6102	0.5774	0.5549
0.5194	0.4925	0.4749
0.0582	0.0724	0.0695
VAL result:
acc 0.5194±0.0582 wap 0.5483±0.0544 wf1 0.5041±0.0651 uar 0.4925±0.0724 f1 0.4749±0.0695

----------------------------------------
0.5909	0.6005	0.5756
0.5673	0.5581	0.5483
0.4969	0.4697	0.4697
0.5037	0.5010	0.4502
0.4981	0.5035	0.4927
0.4563	0.4516	0.4298
0.4962	0.4644	0.4331
0.3877	0.3351	0.3351
0.5983	0.5601	0.5501
0.5453	0.4316	0.4110
0.5141	0.4876	0.4696
0.0609	0.0721	0.0702
TEST result:
acc 0.5141±0.0609 wap 0.5363±0.0537 wf1 0.4979±0.0639 uar 0.4876±0.0721 f1 0.4696±0.0702
