simple_map_cycle_A2L_run2
0.5619	0.6086	0.5718
0.5739	0.6066	0.5669
0.5535	0.5871	0.5686
0.5925	0.5973	0.5957
0.5676	0.5749	0.5678
0.5766	0.5463	0.5541
0.4970	0.5331	0.5242
0.6080	0.5871	0.5796
0.5453	0.5803	0.5495
0.5695	0.5697	0.5642
0.5646	0.5791	0.5642
0.0283	0.0232	0.0180
VAL result:
acc 0.5646±0.0283 wap 0.5883±0.0201 wf1 0.5593±0.0263 uar 0.5791±0.0232 f1 0.5642±0.0180

----------------------------------------
0.5606	0.6008	0.5563
0.5314	0.5816	0.5411
0.6029	0.6096	0.6032
0.5406	0.5784	0.5618
0.5805	0.5486	0.5486
0.5231	0.5288	0.5311
0.6231	0.6044	0.5870
0.5030	0.5331	0.5325
0.5695	0.5822	0.5768
0.4900	0.5607	0.5001
0.5525	0.5728	0.5538
0.0406	0.0275	0.0286
TEST result:
acc 0.5525±0.0406 wap 0.5794±0.0231 wf1 0.5460±0.0408 uar 0.5728±0.0275 f1 0.5538±0.0286
