simple_map_ce_latent_A2L_run1
0.5673	0.6072	0.5744
0.5758	0.6046	0.5690
0.5535	0.5916	0.5740
0.6112	0.6187	0.6176
0.5533	0.5657	0.5540
0.5824	0.5506	0.5562
0.5089	0.5390	0.5342
0.6098	0.5923	0.5833
0.5392	0.5785	0.5445
0.5678	0.5678	0.5626
0.5669	0.5816	0.5670
0.0294	0.0245	0.0220
VAL result:
acc 0.5669±0.0294 wap 0.5899±0.0230 wf1 0.5623±0.0283 uar 0.5816±0.0245 f1 0.5670±0.0220

----------------------------------------
0.5606	0.5894	0.5546
0.5314	0.5812	0.5416
0.5946	0.6014	0.5949
0.5351	0.5740	0.5526
0.5766	0.5427	0.5442
0.5246	0.5345	0.5318
0.6136	0.5968	0.5808
0.5089	0.5350	0.5336
0.5695	0.5881	0.5794
0.5069	0.5685	0.5191
0.5522	0.5712	0.5533
0.0346	0.0240	0.0233
TEST result:
acc 0.5522±0.0346 wap 0.5744±0.0191 wf1 0.5464±0.0330 uar 0.5712±0.0240 f1 0.5533±0.0233
