simple_map_ce_latent_A2V_run1
0.5799	0.6115	0.5868
0.5758	0.6054	0.5691
0.5646	0.5947	0.5812
0.6091	0.6186	0.6161
0.5628	0.5739	0.5649
0.5805	0.5476	0.5538
0.5050	0.5352	0.5284
0.6117	0.5925	0.5842
0.5315	0.5915	0.5391
0.5729	0.5708	0.5666
0.5694	0.5842	0.5690
0.0305	0.0258	0.0239
VAL result:
acc 0.5694±0.0305 wap 0.5906±0.0248 wf1 0.5644±0.0303 uar 0.5842±0.0258 f1 0.5690±0.0239

----------------------------------------
0.5701	0.5884	0.5633
0.5404	0.5893	0.5495
0.5884	0.5973	0.5910
0.5406	0.5793	0.5544
0.5862	0.5598	0.5539
0.5199	0.5304	0.5252
0.6231	0.6110	0.5927
0.5209	0.5468	0.5461
0.5712	0.5926	0.5760
0.4962	0.5629	0.5054
0.5557	0.5758	0.5558
0.0367	0.0238	0.0258
TEST result:
acc 0.5557±0.0367 wap 0.5800±0.0202 wf1 0.5495±0.0366 uar 0.5758±0.0238 f1 0.5558±0.0258
