simple_map_ce_latent_V2A_run1
0.5530	0.5206	0.5189
0.6098	0.6117	0.5976
0.5240	0.5400	0.4913
0.4782	0.4562	0.4580
0.4881	0.4650	0.4459
0.5019	0.5118	0.4950
0.4115	0.3469	0.3436
0.5076	0.4653	0.4499
0.5699	0.5035	0.4918
0.6051	0.5914	0.5732
0.5249	0.5012	0.4865
0.0580	0.0713	0.0673
VAL result:
acc 0.5249±0.0580 wap 0.5520±0.0538 wf1 0.5131±0.0628 uar 0.5012±0.0713 f1 0.4865±0.0673

----------------------------------------
0.6080	0.6107	0.5931
0.5763	0.5671	0.5566
0.4802	0.4600	0.4591
0.5018	0.5075	0.4589
0.4828	0.4797	0.4790
0.4690	0.4636	0.4418
0.5473	0.4841	0.4772
0.3917	0.3431	0.3486
0.5898	0.5525	0.5436
0.5269	0.4426	0.4381
0.5174	0.4911	0.4796
0.0624	0.0709	0.0664
TEST result:
acc 0.5174±0.0624 wap 0.5441±0.0557 wf1 0.5079±0.0645 uar 0.4911±0.0709 f1 0.4796±0.0664
