simple_map_ce_latent_L2V_run2
0.7092	0.7375	0.7191
0.6629	0.6659	0.6562
0.7251	0.7520	0.7284
0.7173	0.7371	0.7246
0.6709	0.6700	0.6696
0.6571	0.6743	0.6596
0.6322	0.6534	0.6362
0.6951	0.7121	0.6684
0.6912	0.7077	0.6876
0.6254	0.6226	0.6191
0.6786	0.6933	0.6769
0.0328	0.0401	0.0356
VAL result:
acc 0.6786±0.0328 wap 0.6973±0.0418 wf1 0.6803±0.0341 uar 0.6933±0.0401 f1 0.6769±0.0356

----------------------------------------
0.6307	0.6378	0.6226
0.6930	0.7231	0.6994
0.7193	0.7289	0.7205
0.7030	0.7401	0.7077
0.6360	0.6539	0.6400
0.6534	0.6532	0.6546
0.6875	0.6825	0.6476
0.6143	0.6362	0.6255
0.6407	0.6319	0.6361
0.6790	0.6860	0.6654
0.6657	0.6774	0.6619
0.0334	0.0390	0.0335
TEST result:
acc 0.6657±0.0334 wap 0.6864±0.0402 wf1 0.6679±0.0350 uar 0.6774±0.0390 f1 0.6619±0.0335
