simple_map_cycle_V2L_run1
0.5386	0.5228	0.5214
0.6023	0.6046	0.5875
0.5166	0.5383	0.4801
0.4823	0.4420	0.4477
0.4897	0.4797	0.4604
0.5019	0.5166	0.4914
0.4076	0.3378	0.3302
0.4886	0.4508	0.4318
0.5622	0.4855	0.4651
0.6051	0.5818	0.5567
0.5195	0.4960	0.4772
0.0570	0.0724	0.0675
VAL result:
acc 0.5195±0.0570 wap 0.5497±0.0527 wf1 0.5042±0.0617 uar 0.4960±0.0724 f1 0.4772±0.0675

----------------------------------------
0.5814	0.5974	0.5670
0.5745	0.5584	0.5476
0.4865	0.4649	0.4623
0.5000	0.4929	0.4494
0.5096	0.5201	0.4977
0.4547	0.4527	0.4253
0.5133	0.4780	0.4574
0.3757	0.3207	0.3198
0.5949	0.5585	0.5486
0.5392	0.4266	0.4086
0.5130	0.4870	0.4684
0.0624	0.0752	0.0716
TEST result:
acc 0.5130±0.0624 wap 0.5321±0.0582 wf1 0.4967±0.0651 uar 0.4870±0.0752 f1 0.4684±0.0716
