simple_map_cycle_V2L_run2
0.5530	0.5211	0.5168
0.5966	0.6010	0.5827
0.5166	0.5361	0.4828
0.4927	0.4554	0.4602
0.4801	0.4672	0.4479
0.5019	0.5168	0.4897
0.4056	0.3370	0.3246
0.4375	0.4489	0.3785
0.5684	0.4969	0.4721
0.6102	0.5843	0.5668
0.5163	0.4965	0.4722
0.0631	0.0717	0.0741
VAL result:
acc 0.5163±0.0631 wap 0.5543±0.0650 wf1 0.4964±0.0737 uar 0.4965±0.0717 f1 0.4722±0.0741

----------------------------------------
0.5928	0.5958	0.5762
0.5781	0.5605	0.5571
0.4948	0.4723	0.4722
0.5092	0.5043	0.4548
0.5038	0.5073	0.5019
0.4499	0.4486	0.4225
0.5208	0.4568	0.4432
0.3936	0.3222	0.2873
0.6068	0.5536	0.5498
0.5622	0.4505	0.4389
0.5212	0.4872	0.4704
0.0631	0.0731	0.0799
TEST result:
acc 0.5212±0.0631 wap 0.5360±0.0662 wf1 0.5010±0.0778 uar 0.4872±0.0731 f1 0.4704±0.0799
