simple_map_ce_latent_L2V_run1
0.7002	0.7379	0.7098
0.6591	0.6623	0.6530
0.7140	0.7458	0.7168
0.7214	0.7351	0.7264
0.6709	0.6700	0.6697
0.6513	0.6695	0.6537
0.6262	0.6535	0.6322
0.6989	0.7121	0.6688
0.6912	0.7089	0.6868
0.6203	0.6192	0.6165
0.6754	0.6914	0.6734
0.0337	0.0402	0.0346
VAL result:
acc 0.6754±0.0337 wap 0.6957±0.0432 wf1 0.6765±0.0353 uar 0.6914±0.0402 f1 0.6734±0.0346

----------------------------------------
0.6269	0.6421	0.6198
0.6966	0.7247	0.7038
0.7131	0.7237	0.7119
0.7030	0.7339	0.7055
0.6418	0.6608	0.6458
0.6534	0.6517	0.6534
0.6761	0.6845	0.6409
0.6004	0.6215	0.6097
0.6441	0.6395	0.6394
0.6759	0.6881	0.6642
0.6631	0.6770	0.6595
0.0342	0.0381	0.0345
TEST result:
acc 0.6631±0.0342 wap 0.6853±0.0420 wf1 0.6649±0.0358 uar 0.6770±0.0381 f1 0.6595±0.0345
