simple_map_cycle_L2A_run1
0.7092	0.7382	0.7197
0.6553	0.6660	0.6532
0.7177	0.7420	0.7223
0.7152	0.7317	0.7203
0.6677	0.6675	0.6669
0.6494	0.6635	0.6511
0.6282	0.6493	0.6308
0.6913	0.7089	0.6651
0.6943	0.7105	0.6896
0.6051	0.6123	0.5989
0.6733	0.6890	0.6718
0.0366	0.0412	0.0392
VAL result:
acc 0.6733±0.0366 wap 0.6954±0.0445 wf1 0.6756±0.0376 uar 0.6890±0.0412 f1 0.6718±0.0392

----------------------------------------
0.6231	0.6380	0.6189
0.7020	0.7272	0.7124
0.7173	0.7277	0.7187
0.7085	0.7335	0.7131
0.6398	0.6542	0.6427
0.6455	0.6449	0.6462
0.6799	0.6933	0.6471
0.6143	0.6333	0.6261
0.6475	0.6479	0.6466
0.6974	0.7108	0.6857
0.6675	0.6811	0.6657
0.0358	0.0392	0.0361
TEST result:
acc 0.6675±0.0358 wap 0.6863±0.0421 wf1 0.6693±0.0369 uar 0.6811±0.0392 f1 0.6657±0.0361
