simple_map_cycle_V2A_run1
0.5476	0.5200	0.5232
0.5947	0.5967	0.5838
0.5258	0.5412	0.4945
0.4886	0.4594	0.4655
0.4738	0.4669	0.4382
0.5038	0.5114	0.5005
0.4036	0.3421	0.3399
0.5114	0.4576	0.4526
0.5561	0.4840	0.4613
0.6017	0.5904	0.5670
0.5207	0.4970	0.4826
0.0560	0.0703	0.0659
VAL result:
acc 0.5207±0.0560 wap 0.5490±0.0529 wf1 0.5101±0.0605 uar 0.4970±0.0703 f1 0.4826±0.0659

----------------------------------------
0.5530	0.5683	0.5404
0.5781	0.5569	0.5560
0.4969	0.4760	0.4767
0.5037	0.5013	0.4565
0.4885	0.4979	0.4838
0.4690	0.4612	0.4421
0.5511	0.4867	0.4812
0.3837	0.3303	0.3295
0.6034	0.5327	0.5223
0.5038	0.4236	0.4172
0.5131	0.4835	0.4706
0.0593	0.0657	0.0624
TEST result:
acc 0.5131±0.0593 wap 0.5351±0.0551 wf1 0.5008±0.0609 uar 0.4835±0.0657 f1 0.4706±0.0624
