simple_map_ce_latent_A2V_run2
0.5566	0.6125	0.5648
0.5777	0.6063	0.5696
0.5627	0.5969	0.5831
0.6091	0.6182	0.6152
0.5612	0.5728	0.5640
0.5920	0.5576	0.5646
0.5129	0.5388	0.5374
0.6117	0.5918	0.5831
0.5253	0.5868	0.5337
0.5695	0.5688	0.5640
0.5679	0.5851	0.5679
0.0306	0.0241	0.0220
VAL result:
acc 0.5679±0.0306 wap 0.5922±0.0221 wf1 0.5615±0.0308 uar 0.5851±0.0241 f1 0.5679±0.0220

----------------------------------------
0.5511	0.5977	0.5435
0.5368	0.5855	0.5459
0.5800	0.5901	0.5831
0.5387	0.5808	0.5540
0.5728	0.5420	0.5428
0.5103	0.5234	0.5148
0.6080	0.5861	0.5726
0.4891	0.5258	0.5189
0.5847	0.5996	0.5847
0.4823	0.5550	0.4925
0.5454	0.5686	0.5453
0.0399	0.0279	0.0287
TEST result:
acc 0.5454±0.0399 wap 0.5767±0.0215 wf1 0.5371±0.0404 uar 0.5686±0.0279 f1 0.5453±0.0287
