simple_map_ce_latent_L2A_run2
0.7145	0.7374	0.7263
0.6515	0.6606	0.6484
0.7122	0.7479	0.7163
0.7214	0.7373	0.7270
0.6677	0.6672	0.6661
0.6494	0.6672	0.6511
0.6203	0.6555	0.6264
0.6913	0.7088	0.6646
0.6959	0.7096	0.6907
0.6305	0.6242	0.6239
0.6755	0.6916	0.6741
0.0347	0.0400	0.0371
VAL result:
acc 0.6755±0.0347 wap 0.6949±0.0436 wf1 0.6769±0.0367 uar 0.6916±0.0400 f1 0.6741±0.0371

----------------------------------------
0.6080	0.6159	0.6068
0.7002	0.7235	0.7079
0.7131	0.7241	0.7116
0.7085	0.7377	0.7124
0.6437	0.6574	0.6461
0.6439	0.6445	0.6445
0.6742	0.6789	0.6372
0.6083	0.6299	0.6190
0.6458	0.6439	0.6428
0.6774	0.6845	0.6633
0.6623	0.6740	0.6592
0.0365	0.0407	0.0367
TEST result:
acc 0.6623±0.0365 wap 0.6823±0.0425 wf1 0.6650±0.0368 uar 0.6740±0.0407 f1 0.6592±0.0367
