simple_map_cycle_A2L_run1
0.5548	0.6076	0.5619
0.5701	0.6024	0.5621
0.5443	0.5903	0.5692
0.5884	0.5966	0.5926
0.5676	0.5744	0.5703
0.5670	0.5463	0.5568
0.5010	0.5318	0.5275
0.6155	0.5883	0.5790
0.5330	0.5782	0.5395
0.5712	0.5699	0.5667
0.5613	0.5786	0.5626
0.0295	0.0230	0.0176
VAL result:
acc 0.5613±0.0295 wap 0.5846±0.0203 wf1 0.5561±0.0280 uar 0.5786±0.0230 f1 0.5626±0.0176

----------------------------------------
0.5587	0.5982	0.5511
0.5350	0.5856	0.5443
0.5884	0.5950	0.5890
0.5406	0.5858	0.5616
0.5613	0.5315	0.5291
0.5119	0.5070	0.5181
0.6117	0.5989	0.5795
0.4930	0.5292	0.5233
0.5729	0.5957	0.5835
0.4839	0.5578	0.4948
0.5457	0.5685	0.5474
0.0390	0.0326	0.0297
TEST result:
acc 0.5457±0.0390 wap 0.5726±0.0217 wf1 0.5381±0.0389 uar 0.5685±0.0326 f1 0.5474±0.0297
