simple_map_ce_latent_V2L_run2
0.5530	0.5204	0.5196
0.5890	0.5961	0.5742
0.5240	0.5412	0.4867
0.4823	0.4473	0.4528
0.4801	0.4656	0.4376
0.5096	0.5160	0.5034
0.4115	0.3423	0.3355
0.5095	0.4570	0.4509
0.5607	0.4902	0.4718
0.6119	0.5872	0.5685
0.5232	0.4963	0.4801
0.0555	0.0706	0.0657
VAL result:
acc 0.5232±0.0555 wap 0.5512±0.0523 wf1 0.5086±0.0615 uar 0.4963±0.0706 f1 0.4801±0.0657

----------------------------------------
0.5966	0.6005	0.5808
0.5583	0.5696	0.5518
0.5010	0.4739	0.4743
0.5055	0.4961	0.4513
0.5115	0.5181	0.5061
0.4626	0.4556	0.4265
0.5265	0.4860	0.4747
0.3598	0.3141	0.3035
0.6068	0.5679	0.5594
0.5484	0.4343	0.4189
0.5177	0.4916	0.4747
0.0673	0.0780	0.0779
TEST result:
acc 0.5177±0.0673 wap 0.5388±0.0666 wf1 0.5049±0.0715 uar 0.4916±0.0780 f1 0.4747±0.0779
