simple_map_ce_latent_V2A_run2
0.5530	0.5173	0.5119
0.6098	0.6149	0.5939
0.5258	0.5386	0.4896
0.4906	0.4800	0.4763
0.4801	0.4692	0.4634
0.5057	0.5154	0.4995
0.4076	0.3455	0.3433
0.5095	0.4533	0.4482
0.5668	0.5004	0.4892
0.6136	0.5901	0.5688
0.5263	0.5025	0.4884
0.0593	0.0712	0.0646
VAL result:
acc 0.5263±0.0593 wap 0.5520±0.0536 wf1 0.5147±0.0605 uar 0.5025±0.0712 f1 0.4884±0.0646

----------------------------------------
0.5966	0.5972	0.5797
0.5332	0.5452	0.5277
0.4823	0.4588	0.4573
0.5074	0.5191	0.4710
0.5115	0.5057	0.5113
0.4626	0.4566	0.4365
0.5568	0.4930	0.4886
0.3757	0.3262	0.3288
0.5949	0.5624	0.5526
0.5054	0.4179	0.4051
0.5127	0.4882	0.4759
0.0620	0.0741	0.0702
TEST result:
acc 0.5127±0.0620 wap 0.5391±0.0599 wf1 0.5038±0.0653 uar 0.4882±0.0741 f1 0.4759±0.0702
